1.000000000000000021e-03
1.071891319205127554e-03
1.148951000187308554e-03
1.231550603292826162e-03
1.320088400831418048e-03
1.414991297434575876e-03
1.516716888470922469e-03
1.625755666443793376e-03
1.742633386009650835e-03
1.867913599020782755e-03
2.002200371815584384e-03
2.146141197858403554e-03
2.300430119772916854e-03
2.465811075822603882e-03
2.643081486974105387e-03
2.833096101839324091e-03
3.036771118035457451e-03
3.255088599835056357e-03
3.489101213406773684e-03
3.739937302478797687e-03
4.008806328898464194e-03
4.297004704320839599e-03
4.605922041145103958e-03
4.937047852839003374e-03
5.291978735958441891e-03
5.672426068491977225e-03
6.080224261649421272e-03
6.517339604882419792e-03
6.985879746785249485e-03
7.488103857590022727e-03
8.026433522257174491e-03
8.603464416684501043e-03
9.221978823334321326e-03
9.884959046625585791e-03
1.059560179277615859e-02
1.135733358343105071e-02
1.217382727739661427e-02
1.304901978014402254e-02
1.398713102647237971e-02
1.499268432786045671e-02
1.607052818261638441e-02
1.722585965398786695e-02
1.846424942895543569e-02
1.979166867853556291e-02
2.121451784910629787e-02
2.273965752357927361e-02
2.437444150122220626e-02
2.612675225563327805e-02
2.800503894183630979e-02
3.001835813575589110e-02
3.217641750250735400e-02
3.448962260405757929e-02
3.696912707195026265e-02
3.962688638701478139e-02
4.247571552536898165e-02
4.552935074866947679e-02
4.880251583654431069e-02
5.231099308056260527e-02
5.607169938205457810e-02
6.010276782070381879e-02
6.442363508721370147e-02
6.905513520162327723e-02
7.401959996915641327e-02
7.934096665797492343e-02
8.504489341802677627e-02
9.115888299750818380e-02
9.771241535346496254e-02
1.047370897959449682e-01
1.122667773510813566e-01
1.203377840777589275e-01
1.289890261253308079e-01
1.382622173764654905e-01
1.482020705798858529e-01
1.588565129428052836e-01
1.702769172225899463e-01
1.825183494319042588e-01
1.956398343517062877e-01
2.097046401323232889e-01
2.247805833548725263e-01
2.409403560239524456e-01
2.582618760682675041e-01
2.768286630392063907e-01
2.967302408188869367e-01
3.180625692794118997e-01
3.409285069746810781e-01
3.654383070957254454e-01
3.917101490809256625e-01
4.198707084443910054e-01
4.500557675700497251e-01
4.824108704165368522e-01
5.170920242896754893e-01
5.542664520663102001e-01
5.941133984965033532e-01
6.368249944718585853e-01
6.826071834272385841e-01
7.316807143427191962e-01
7.842822061337682005e-01
8.406652885618325355e-01
9.011018251665018353e-01
9.658832241158697984e-01
1.035321843295661681e+00
1.109752496412072187e+00
1.189534067370319637e+00
1.275051240713012790e+00
1.366716356462005955e+00
1.464971398307284955e+00
1.570290124729377457e+00
1.683180353330956613e+00
1.804186409392071866e+00
1.933891750455230207e+00
2.072921779595370051e+00
2.221946860939523649e+00
2.381685551976158166e+00
2.552908068239516659e+00
2.736439997074669339e+00
2.933166278390042514e+00
3.144035471591500208e+00
3.370064329271928116e+00
3.612342699709430338e+00
3.872038781812553232e+00
4.150404757850472137e+00
4.448782831127584991e+00
4.768611697714469244e+00
5.111433483440165126e+00
5.478901179593939297e+00
5.872786613189476590e+00
6.294988990221887626e+00
6.747544053110693163e+00
7.232633896483533498e+00
7.752597488629456635e+00
8.309941949353387258e+00
8.907354638610438968e+00
9.547716114208055771e+00
1.023411402105452694e+01
1.096985797892384085e+01
1.175849554052155810e+01
1.260382929679727404e+01
1.350993521198025071e+01
1.448118227674533109e+01
1.552225357427047925e+01
1.663816886076127233e+01
1.783430876931909381e+01
1.911644075385699892e+01
2.049074689815845929e+01
2.196385372416547099e+01
2.354286414322415411e+01
2.523539170434765921e+01
2.704959730463131606e+01
2.899422853882875017e+01
3.107866187782013867e+01
3.331294787934670154e+01
3.570785964900462517e+01
3.827494478516307197e+01
4.102658105827190127e+01
4.397603609302721139e+01
4.713753134116718968e+01
5.052631065335679494e+01
5.415871378079464904e+01
5.805225516094895966e+01
6.222570836730231036e+01
6.669919663030114521e+01
7.149428986597577307e+01
7.663410868007446197e+01
8.214343584919421914e+01
8.804883581643464652e+01
9.437878277775371316e+01
1.011637979766206996e+02
1.084365968689608621e+02
1.162322468679851823e+02
1.245883364295008136e+02
1.335451562929897307e+02
1.431458937523478596e+02
1.534368408930010048e+02
1.644676177994662680e+02
1.762914118095947913e+02
1.889652339691207601e+02
2.025501939230666437e+02
2.171117945694500975e+02
2.327202478960407177e+02
2.494508135230316554e+02
2.673841615839943984e+02
2.866067616948250247e+02
3.072112998861753113e+02
3.292971255097148173e+02
3.529707302730649872e+02
3.783462617131925185e+02
4.055460735840827624e+02
4.347013158125017753e+02
4.659525668664677482e+02
4.994505115855139934e+02
5.353566677410718739e+02
5.738441648302392650e+02
6.150985788580504732e+02
6.593188271333541479e+02
7.067181273927491247e+02
7.575250258771905010e+02
8.119844993184009354e+02
8.703591361485165407e+02
9.329304026284676183e+02
1.000000000000000000e+03
